seed: 50
samples: 5
base_nodes: 5
node_dist: uniform
cost_method: shortest_path
block_sizes: [53 16 38  9 27]
block_gw:           0         1         2         3         4         5         6   \
0   0.000000  0.082178  0.014883  0.179877  0.033497  3.538113  3.759927   
1   0.082178  0.000000  0.068418  0.095239  0.049510  3.468613  3.580000   
2   0.014883  0.068418  0.000000  0.164590  0.021425  3.524406  3.729470   
3   0.179877  0.095239  0.164590  0.000000  0.142112  3.410736  3.488526   
4   0.033497  0.049510  0.021425  0.142112  0.000000  3.501840  3.686547   
5   3.538113  3.468613  3.524406  3.410736  3.501840  0.000000  0.082171   
6   3.759927  3.580000  3.729470  3.488526  3.686547  0.082171  0.000000   
7   3.576836  3.481018  3.545263  3.421650  3.525531  0.014890  0.068490   
8   4.013168  3.830748  3.981182  3.626667  3.934705  0.179877  0.095193   
9   3.629751  3.507309  3.600993  3.436927  3.555556  0.033497  0.049535   
10  3.212075  3.176511  3.205521  3.149772  3.193245  1.630189  1.734247   
11  3.399928  3.240000  3.369472  3.195147  3.330307  1.660299  2.205625   
12  3.243642  3.184197  3.216842  3.155941  3.207386  1.630790  1.725286   
13  3.622057  3.444043  3.590093  3.271111  3.543594  1.726879  1.704606   
14  3.286271  3.199881  3.262283  3.164335  3.223704  1.628801  1.716995   
15  2.297647  2.348049  2.305053  2.415424  2.317380  6.039212  6.141300   
16  2.153893  2.177372  2.155171  2.232734  2.156492  5.797033  5.886862   
17  2.267901  2.317430  2.277035  2.383780  2.287437  5.994803  6.096790   
18  1.998973  2.007772  2.000672  2.060428  1.999935  5.537382  5.615409   
19  2.235425  2.273987  2.234278  2.338658  2.247684  5.936939  6.033889   

          7         8         9         10        11        12        13  \
0   3.576836  4.013168  3.629751  3.212075  3.399928  3.243642  3.622057   
1   3.481018  3.830748  3.507309  3.176511  3.240000  3.184197  3.444043   
2   3.545263  3.981182  3.600993  3.205521  3.369472  3.216842  3.590093   
3   3.421650  3.626667  3.436927  3.149772  3.195147  3.155941  3.271111   
4   3.525531  3.934705  3.555556  3.193245  3.330307  3.207386  3.543594   
5   0.014890  0.179877  0.033497  1.630189  1.660299  1.630790  1.726879   
6   0.068490  0.095193  0.049535  1.734247  2.205625  1.725286  1.704606   
7   0.000000  0.164639  0.021421  1.647469  1.653639  1.642105  1.718748   
8   0.164639  0.000000  0.142112  1.863063  1.810795  1.852571  1.758025   
9   0.021421  0.142112  0.000000  1.669499  1.659905  1.666977  1.706557   
10  1.647469  1.863063  1.669499  0.000000  0.082172  0.014890  0.179877   
11  1.653639  1.810795  1.659905  0.082172  0.000000  0.068483  0.095424   
12  1.642105  1.852571  1.666977  0.014890  0.068483  0.000000  0.164590   
13  1.718748  1.758025  1.706557  0.179877  0.095424  0.164590  0.000000   
14  1.642941  1.836927  1.659259  0.033497  0.049555  0.021425  0.142112   
15  6.056120  6.264930  6.080578  5.159059  5.232731  5.171130  5.371743   
16  5.811432  6.002749  5.830895  4.916409  4.977806  4.925925  5.100591   
17  6.013339  6.219050  6.036613  5.114084  5.188332  5.127933  5.324119   
18  5.549940  5.720756  5.568422  4.657016  4.707881  4.664304  4.806349   
19  5.949330  6.153557  5.976166  5.056115  5.125053  5.063831  5.256032   

          14        15        16        17        18        19  
0   3.286271  2.297647  2.153893  2.267901  1.998973  2.235425  
1   3.199881  2.348049  2.177372  2.317430  2.007772  2.273987  
2   3.262283  2.305053  2.155171  2.277035  2.000672  2.234278  
3   3.164335  2.415424  2.232734  2.383780  2.060428  2.338658  
4   3.223704  2.317380  2.156492  2.287437  1.999935  2.247684  
5   1.628801  6.039212  5.797033  5.994803  5.537382  5.936939  
6   1.716995  6.141300  5.886862  6.096790  5.615409  6.033889  
7   1.642941  6.056120  5.811432  6.013339  5.549940  5.949330  
8   1.836927  6.264930  6.002749  6.219050  5.720756  6.153557  
9   1.659259  6.080578  5.830895  6.036613  5.568422  5.976166  
10  0.033497  5.159059  4.916409  5.114084  4.657016  5.056115  
11  0.049555  5.232731  4.977806  5.188332  4.707881  5.125053  
12  0.021425  5.171130  4.925925  5.127933  4.664304  5.063831  
13  0.142112  5.371743  5.100591  5.324119  4.806349  5.256032  
14  0.000000  5.188280  4.938794  5.144128  4.676595  5.083564  
15  5.188280  0.000000  0.084728  0.014917  0.186056  0.034497  
16  4.938794  0.084728  0.000000  0.070331  0.097128  5.288756  
17  5.144128  0.014917  0.070331  0.000000  0.170147  5.257122  
18  4.676595  0.186056  0.097128  0.170147  0.000000  0.146972  
19  5.083564  0.034497  5.288756  5.257122  0.146972  0.000000  
