seed: 50
samples: 50
base_nodes: 5
node_dist: uniform
cost_method: shortest_path
block_sizes: [53 16 38  9 27 10  7 40 31 11 25 48 36 54 46 69 11 24  7 35 40 31 65  7
 15 56  5  5 16 35 31 56 33 29 51 67 18 41  5 63 48 69 24 63 50  6 66 14
 34 57]
block_gw:           0         1         2         3         4         5         6    \
0    0.000000  0.082152  0.014895  0.179877  0.033497  0.156927  0.248088   
1    0.082152  0.000000  0.068428  0.095193  0.049553  0.074675  0.157653   
2    0.014895  0.068428  0.000000  0.164596  0.021426  0.142028  0.232017   
3    0.179877  0.095193  0.164596  0.000000  0.142112  0.023753  0.066253   
4    0.033497  0.049553  0.021426  0.142112  0.000000  0.121371  0.209199   
..        ...       ...       ...       ...       ...       ...       ...   
195  1.814128  1.827486  1.815736  1.859909  1.818092  1.841404  1.869342   
196  2.311934  2.363330  2.319878  2.431282  2.331670  2.413050  2.473234   
197  2.125518  2.142569  8.059744  2.195530  2.128319  2.184901  2.242357   
198  2.259095  2.304400  2.265098  2.370821  2.275943  2.353877  2.414255   
199  2.302847  2.353256  2.309996  2.421062  2.322445  2.402694  2.463330   

          7         8         9    ...       190       191       192  \
0    0.012556  0.025722  0.138362  ...  2.289888  2.314230  2.220209   
1    0.070950  0.056630  0.057092  ...  2.339846  2.365883  2.257968   
2    0.002845  0.012280  0.123796  ...  7.828908  2.322388  2.220358   
3    0.167457  0.152871  0.042241  ...  2.407143  2.434093  2.319395   
4    0.023761  0.010128  0.103200  ...  2.309185  8.067154  2.229056   
..        ...       ...       ...  ...       ...       ...       ...   
195  1.815287  1.817445  1.844715  ...  5.538584  0.322409  0.258929   
196  2.318746  2.327311  2.402176  ...  5.242464  0.001396  0.050923   
197  2.124518  2.127820  2.177511  ...  5.330103  0.111402  0.058902   
198  2.263627  8.038516  2.343432  ...  0.017180  5.257369  0.024568   
199  2.310210  2.316945  2.392687  ...  0.006823  0.006303  0.046377   

          193       194       195       196       197       198       199  
0    2.309263  2.293210  1.814128  2.311934  2.125518  2.259095  2.302847  
1    8.076117  2.343313  1.827486  2.363330  2.142569  2.304400  2.353256  
2    2.316705  2.300639  1.815736  2.319878  8.059744  2.265098  2.309996  
3    2.428189  2.410651  1.859909  2.431282  2.195530  2.370821  2.421062  
4    2.328710  2.312469  1.818092  2.331670  2.128319  2.275943  2.322445  
..        ...       ...       ...       ...       ...       ...       ...  
195  0.319155  0.309439  0.000000  5.550177  0.194780  0.287652  5.545433  
196  0.001528  0.009867  5.550177  0.000000  0.110223  0.027064  0.004954  
197  0.108738  0.100545  0.194780  0.110223  0.000000  0.081973  0.105131  
198  5.256037  5.251440  0.287652  0.027064  0.081973  0.000000  0.023184  
199  0.003500  5.237794  5.545433  0.004954  0.105131  0.023184  0.000000  

[200 rows x 200 columns]
